13,23,16,1,10
39,1,27,1,2
40,1,27,1,2
38,1,27,1,2
38,1,28,1,2
36,1,27,1,2
37,1,26,1,2
34,1,26,1,2
35,1,26,1,2
37,7,53,2,0
18,22,35,1,24
18,24,34,1,24
11,23,35,2,10
9,35,10,1,43
4,28,18,1,29
4,28,14,1,29
4,28,25,1,29
4,28,19,1,29
4,28,18,1,29
4,28,61,1,29
18,29,10,1,31
18,29,10,1,31
5,20,36,1,10
5,20,44,1,10
25,24,14,1,28
25,24,13,1,28
30,16,51,2,11
30,16,51,2,11
30,16,58,2,11
30,16,29,2,11
36,13,17,1,16
36,13,15,1,16
36,13,13,1,16
36,13,26,1,16
36,13,14,1,16
47,13,68,1,3
47,13,52,1,3
47,13,66,1,3
45,11,11,1,3
45,11,26,1,3
22,28,38,1,32
22,28,15,1,32
4,28,20,1,29
4,28,21,1,29
4,28,16,1,29
45,5,30,1,3
45,5,28,1,3
45,5,18,1,3
45,11,23,1,3
45,11,23,1,3
45,11,23,1,3
45,11,16,1,3
54,3,25,1,4
54,3,25,1,4
54,3,18,1,4
54,3,12,1,4
54,3,22,1,4
54,3,24,1,4
54,3,12,1,4
54,3,12,1,4
54,3,14,1,4
54,3,32,1,4
54,3,23,1,4
54,3,33,1,4
54,3,26,1,4
54,3,22,1,4
54,3,13,1,4
62,4,23,1,5
62,4,24,1,5
62,4,24,1,5
62,4,32,1,5
62,4,25,1,5
62,4,24,1,5
62,4,22,1,5
62,4,14,1,5
62,4,22,1,5
4,28,23,1,29
36,13,18,1,16
62,4,24,1,5
62,4,24,1,5
60,30,0,1,36
89,2,18,1,9
95,3,16,1,9
93,6,14,1,9
75,6,15,1,8
97,11,19,4,15
64,11,15,1,12
69,11,13,1,13
88,11,16,3,15
73,11,20,4,0
75,11,24,2,14
98,12,21,4,0
80,12,16,4,14
73,13,9,1,0
78,12,14,2,14
75,13,10,2,0
89,13,12,1,0
73,14,11,1,14
60,14,21,1,12
64,14,17,1,12
61,15,30,4,12
73,15,14,3,14
85,15,16,3,15
86,15,16,4,15
92,15,20,4,15
59,15,16,4,12
81,14,9,1,14
81,13,26,4,14
81,12,11,1,0
78,15,24,3,14
77,7,27,1,8
95,15,15,4,15
97,15,16,2,15
56,16,11,1,17
55,16,14,1,17
60,15,9,1,12
93,3,24,1,9
95,12,19,4,0
90,11,19,3,15
86,11,14,4,15
85,11,26,2,15
87,14,10,1,0
89,14,9,1,0
88,15,15,4,15
89,15,15,4,15
93,15,23,4,15
95,14,9,1,15
81,15,18,2,14
80,14,10,1,14
80,15,16,4,14
80,31,21,2,0
74,32,24,4,38
90,32,26,4,39
22,79,28,3,106
22,81,29,4,106
10,82,24,3,118
26,82,23,2,120
9,81,10,1,118
22,89,22,2,122
18,90,11,2,122
22,90,12,2,122
22,92,11,2,122
28,93,15,1,130
22,93,27,3,122
27,31,17,1,40
22,32,11,1,41
14,39,14,1,51
28,53,22,4,67
28,56,21,1,67
4,56,19,2,64
27,57,20,1,67
29,57,16,4,67
6,57,20,3,64
22,61,26,4,78
12,61,17,4,77
14,61,30,4,77
20,61,19,4,78
9,61,44,1,77
11,61,26,1,77
14,62,17,3,77
22,62,25,2,78
18,62,20,4,78
11,63,13,1,77
27,64,18,4,79
14,64,26,3,77
26,65,28,4,79
12,65,24,4,77
14,66,25,4,77
5,66,20,4,76
20,69,14,1,0
22,69,16,4,90
19,69,15,4,89
26,69,27,4,91
14,70,28,4,88
21,73,26,4,90
20,73,25,4,90
14,73,25,1,88
11,74,26,1,88
1,77,29,1,104
0,77,30,1,104
19,78,26,4,106
9,77,15,1,105
17,78,27,4,106
17,79,14,1,106
21,78,28,4,106
22,77,28,3,106
22,78,28,3,106
26,86,18,2,123
28,86,25,4,123
27,89,26,4,123
81,27,27,3,0
51,27,28,3,35
96,28,26,3,39
77,28,26,4,38
73,28,25,4,38
54,28,23,4,36
57,28,24,4,36
58,28,22,4,36
55,28,24,4,36
35,29,26,4,30
51,29,23,4,35
64,29,23,3,37
72,30,10,1,0
87,29,10,1,0
97,30,9,1,0
76,30,9,1,0
93,30,13,1,0
95,30,10,1,39
61,30,11,1,0
97,31,20,1,0
72,32,25,4,38
21,93,10,1,122
26,94,23,4,130
22,94,30,3,122
26,96,25,4,130
22,99,26,3,0
17,99,27,4,122
19,99,25,4,122
18,99,25,4,122
18,44,12,1,54
19,48,12,1,54
26,46,25,4,61
28,48,11,1,61
26,48,24,3,61
1,54,26,4,64
2,56,26,1,64
26,57,19,4,67
26,53,20,1,67
11,45,10,1,52
1,57,23,3,64
3,57,17,4,64
18,46,28,1,54
26,55,22,4,67
26,54,11,1,67
1,61,25,4,76
2,61,26,4,76
3,61,25,4,76
4,61,23,4,76
5,61,23,4,76
6,61,23,4,76
5,62,24,4,76
5,64,23,4,0
9,63,30,1,77
11,65,27,3,77
9,66,21,3,0
4,65,23,4,76
10,69,24,2,88
9,71,15,4,88
9,72,20,4,88
17,69,28,3,89
18,71,29,1,89
18,72,25,3,89
18,73,24,3,89
22,73,20,2,90
22,71,27,3,90
22,70,27,4,90
26,71,29,4,91
22,64,26,4,78
26,62,18,4,79
26,63,15,4,79
26,61,11,1,79
27,61,19,1,79
28,61,20,4,79
17,61,21,4,78
18,65,28,1,78
17,64,10,1,78
21,65,24,4,78
23,65,25,4,78
2,71,15,1,87
6,74,24,2,87
12,70,31,3,88
19,65,18,1,78
9,64,17,4,77
27,73,14,2,91
4,74,24,4,87
26,66,29,4,79
1,79,27,3,104
11,81,9,1,118
18,81,15,1,106
27,90,29,1,123
21,98,11,3,122
18,95,14,4,137
18,92,27,1,122
19,91,9,1,0
26,98,25,1,130
20,89,8,1,122
21,96,19,1,122
22,86,28,2,122
18,89,25,2,122
78,53,36,4,71
91,53,16,4,72
56,53,22,4,70
79,53,29,4,71
96,53,22,4,72
76,53,22,4,71
64,53,24,3,70
63,53,26,1,70
39,53,27,1,68
87,53,28,3,72
98,53,30,1,0
51,54,25,4,70
60,36,29,2,47
63,47,11,1,57
44,37,23,2,46
56,49,25,3,57
56,49,27,3,57
47,64,26,4,81
47,62,24,4,81
44,61,28,3,81
54,62,20,1,82
62,65,14,4,82
64,66,13,4,82
64,64,14,4,82
61,57,22,4,74
62,56,28,2,74
61,53,28,1,70
59,53,33,1,70
58,53,29,2,70
55,53,27,4,70
54,55,9,1,0
77,19,8,1,20
88,19,14,4,21
61,19,31,2,19
60,19,21,4,19
86,19,15,3,21
75,19,23,2,0
90,19,20,3,21
81,19,15,3,20
85,20,15,3,21
92,20,17,4,21
93,20,21,4,21
76,21,9,3,0
91,21,9,1,0
98,20,20,2,22
85,21,18,4,21
70,20,24,1,20
74,22,11,1,0
85,23,18,4,21
95,23,14,4,21
60,22,29,2,25
98,23,27,3,0
96,24,25,4,21
76,23,20,4,20
75,24,25,3,20
73,24,21,4,20
60,24,19,2,25
60,32,23,3,36
71,32,27,4,38
75,32,25,3,38
93,32,24,4,39
95,32,15,4,0
61,32,26,4,36
69,32,27,4,38
91,32,26,4,39
65,32,27,4,0
68,32,28,4,38
92,32,26,4,39
45,32,24,3,34
82,32,27,4,0
85,33,21,4,39
57,31,12,1,36
52,32,12,1,42
85,36,23,4,50
30,98,31,1,131
46,98,17,4,134
55,99,10,1,135
62,99,26,2,136
64,98,20,1,136
38,99,30,3,132
61,49,27,1,57
61,47,20,1,57
61,36,27,4,47
43,39,29,3,46
43,40,25,2,46
37,36,27,4,45
47,40,28,3,46
39,36,25,4,45
35,36,31,3,45
47,36,26,4,46
36,36,28,4,45
76,36,17,4,48
38,37,9,1,45
85,37,23,4,50
91,37,23,4,0
35,37,24,4,45
71,37,29,1,48
98,38,21,4,0
39,38,27,4,45
78,37,13,1,48
47,38,20,4,46
77,38,12,1,48
48,39,25,4,0
74,40,25,3,48
75,40,30,2,48
45,40,23,1,46
64,40,14,1,47
39,44,22,1,55
78,45,29,2,58
70,46,16,1,58
58,46,25,1,0
60,46,11,1,57
76,48,27,1,58
69,48,12,1,63
59,48,32,4,57
94,49,22,4,60
58,49,31,1,57
95,49,24,4,60
36,48,18,1,62
51,53,27,4,70
53,53,22,4,70
40,54,14,1,0
57,55,10,1,73
92,55,17,2,72
39,55,27,4,68
80,56,19,2,71
43,56,16,4,69
58,57,25,4,73
64,56,27,3,74
73,57,24,4,0
79,57,27,2,71
69,56,13,1,71
56,57,20,4,73
55,57,27,3,73
59,57,26,4,0
80,57,23,1,71
76,57,21,2,0
95,57,21,3,72
44,57,19,4,69
90,57,15,4,72
37,57,26,4,68
97,57,22,2,0
47,57,11,1,69
91,57,17,2,72
93,57,17,2,72
35,57,21,2,68
52,57,29,2,75
31,57,25,4,67
93,61,14,4,85
43,61,26,4,81
95,61,15,4,0
52,61,14,1,82
69,61,26,4,83
91,61,16,4,85
30,61,25,4,79
46,61,23,4,81
77,61,27,1,84
36,62,10,1,0
76,61,22,1,84
74,62,25,1,84
31,61,19,1,79
45,62,10,1,81
56,61,15,4,82
81,62,24,4,86
43,63,26,4,81
76,63,12,1,0
60,62,19,2,82
97,63,18,4,85
35,63,27,3,80
38,62,21,2,80
73,62,19,2,84
86,62,22,2,85
87,62,15,1,85
90,62,15,1,85
78,63,10,1,84
96,63,9,1,85
64,96,25,4,136
56,96,26,4,0
35,96,25,4,132
51,97,25,4,135
55,97,28,4,135
39,98,29,4,132
64,86,28,3,128
45,86,24,3,126
39,87,27,4,125
63,87,20,2,128
47,88,22,4,126
39,88,26,4,125
30,88,24,4,124
47,89,25,4,126
63,89,11,2,128
55,89,24,4,127
51,91,28,3,0
56,91,14,4,0
63,90,26,3,128
64,90,28,2,128
54,91,24,4,0
38,90,23,1,0
31,92,9,1,0
68,93,27,1,0
51,94,25,4,135
30,94,24,4,131
48,94,30,2,0
51,95,25,4,135
53,95,24,4,0
30,96,26,3,131
68,96,13,3,0
35,98,30,4,132
59,99,10,1,0
68,99,25,2,0
34,64,25,4,80
43,64,27,4,0
97,64,9,1,85
39,64,26,4,80
77,64,9,1,84
95,65,9,1,85
47,64,8,1,81
90,65,12,1,85
97,65,10,1,85
48,65,10,1,0
39,65,26,4,80
79,65,14,1,84
74,65,21,2,84
77,66,13,4,0
46,66,13,4,0
94,66,16,4,0
36,65,16,4,80
53,65,19,4,82
59,65,21,4,82
34,65,20,4,80
58,65,17,4,82
68,65,15,4,84
98,66,19,3,0
37,65,27,3,80
96,66,16,4,85
43,66,26,4,0
44,66,26,4,0
54,65,14,3,82
47,66,26,4,81
51,66,20,3,82
89,66,24,3,85
39,66,26,4,80
85,69,18,4,98
63,69,19,2,94
54,70,14,4,94
31,69,14,3,91
57,69,16,4,94
81,69,16,4,0
61,69,15,4,94
70,69,23,2,95
76,70,23,2,0
56,70,19,4,0
93,70,29,2,0
70,70,12,1,0
55,71,9,1,0
81,71,25,4,0
30,71,28,2,91
51,70,27,4,94
64,71,19,3,94
68,71,15,3,95
81,72,20,4,97
51,72,18,4,94
78,72,14,1,0
76,72,19,4,97
56,72,26,4,94
81,73,23,4,97
54,73,21,4,94
61,74,26,4,0
76,74,18,4,0
45,74,18,1,92
81,74,20,1,97
52,74,18,4,94
79,74,16,4,97
70,73,15,2,95
72,73,14,2,0
68,73,15,2,95
73,77,21,4,0
53,78,22,4,109
63,78,22,4,110
52,77,20,4,109
51,78,23,4,109
65,78,21,4,0
77,78,20,4,112
71,78,21,4,111
89,78,21,4,113
54,78,17,4,109
73,78,21,4,0
93,78,13,4,113
90,78,24,4,113
87,78,24,4,113
94,78,16,4,113
91,78,17,3,113
51,79,22,4,109
86,79,19,3,0
73,79,22,4,0
53,80,11,1,119
64,80,24,4,0
85,81,24,1,113
96,82,14,4,0
94,82,14,4,113
31,81,22,2,108
71,82,20,3,111
78,82,25,4,112
79,82,25,3,0
84,82,28,4,113
87,82,17,4,113
89,82,18,4,113
90,82,29,3,113
76,82,15,4,112
81,83,14,4,0
68,83,14,1,111
47,86,25,4,126
63,86,16,4,128
42,86,24,4,126
44,86,19,3,126
43,53,28,3,69
43,54,26,4,69
38,53,24,4,68
39,56,25,4,68
39,57,25,4,68
48,61,24,1,0
61,65,16,4,82
30,54,18,4,67
31,56,25,4,0
52,21,13,1,18
54,19,15,1,18
55,19,11,1,0
35,30,24,4,30
35,32,11,1,30
36,31,11,1,30
36,32,26,4,30
39,32,29,3,30
39,30,22,4,30
31,31,27,4,40
30,29,13,1,40
43,32,25,1,34
64,28,30,3,37
40,24,11,1,26
38,32,29,2,30
60,28,20,2,36
63,32,26,4,36
37,40,13,1,45
36,38,13,1,45
31,40,30,1,44
30,46,18,4,61
30,47,25,4,61
51,48,13,1,57
58,44,29,1,57
60,45,29,3,57
61,45,26,2,57
30,53,18,4,67
30,64,24,4,79
61,54,10,1,70
51,64,21,3,82
56,65,12,4,82
63,61,18,2,82
64,62,14,2,82
46,53,16,1,69
35,61,20,4,0
58,73,19,2,94
52,70,29,4,94
59,69,16,4,94
53,81,21,2,119
56,82,21,2,119
61,82,19,3,110
62,82,26,1,110
64,82,27,2,110
59,78,24,3,110
61,78,20,4,110
62,78,21,4,110
60,79,12,1,110
61,79,20,1,110
55,78,22,4,109
56,78,22,4,0
51,82,27,4,119
53,82,20,2,0
30,74,25,2,91
59,81,18,4,110
59,82,26,4,110
53,70,11,1,0
58,70,12,1,94
43,87,27,3,126
47,91,30,4,126
44,91,32,4,0
39,86,26,4,125
34,86,25,4,125
35,86,16,4,125
36,86,28,3,125
30,87,24,4,124
30,86,25,3,124
30,89,26,1,124
54,86,26,4,127
56,86,28,3,127
55,88,24,4,127
60,89,20,3,128
60,91,31,2,128
55,94,30,3,135
55,95,30,3,135
54,94,13,1,135
59,95,29,3,136
61,94,24,1,136
62,95,20,4,136
63,95,16,4,136
64,94,24,4,136
64,95,24,4,0
61,99,25,4,136
60,97,27,2,0
51,99,27,4,135
52,99,27,4,135
54,99,27,4,135
56,99,27,4,0
55,98,29,4,135
51,96,27,3,135
35,94,32,4,132
43,97,28,2,133
43,99,26,2,133
44,89,22,2,126
30,91,21,4,124
38,95,23,2,132
34,88,30,2,125
34,89,22,4,125
34,90,27,4,125
52,90,25,4,127
53,91,24,4,127
37,86,22,4,125
98,47,27,4,0
98,49,28,3,0
81,45,12,1,58
80,45,27,2,58
78,48,25,2,58
79,49,26,4,58
81,47,27,4,0
80,49,26,4,58
81,49,28,4,58
77,40,25,3,48
78,40,22,1,48
93,49,28,3,60
95,36,16,1,50
90,37,14,2,50
72,37,26,4,48
69,39,16,1,48
87,40,13,1,50
85,38,22,4,50
71,56,19,2,71
70,53,25,4,71
68,53,27,1,71
67,95,24,2,129
67,94,19,4,129
68,91,28,1,0
68,90,16,4,129
68,89,17,4,0
69,24,21,2,27
71,23,27,3,0
78,19,14,4,20
80,19,24,3,20
71,28,18,4,38
76,28,24,3,38
76,32,25,4,38
78,32,26,4,38
78,28,25,4,38
79,28,24,4,38
81,29,12,4,0
85,31,26,4,39
86,32,18,4,39
88,32,24,3,39
89,32,28,4,39
87,28,24,4,39
85,28,25,3,39
85,29,25,4,39
89,28,26,4,39
98,29,24,3,0
98,27,25,4,0
95,21,21,2,21
96,20,20,2,0
96,22,11,1,21
87,23,24,1,21
98,32,19,4,0
79,20,11,1,20
68,30,8,1,0
75,29,10,1,0
68,28,28,2,38
74,28,26,4,38
75,28,20,4,38
86,24,15,4,21
74,37,25,1,48
75,36,24,1,48
72,40,13,1,48
81,38,21,2,48
80,36,33,2,48
80,39,12,1,48
87,37,18,4,50
93,37,24,4,50
96,36,17,4,50
97,36,18,4,50
98,36,26,3,0
98,40,11,1,0
96,41,26,1,50
95,41,27,1,50
93,40,26,1,50
92,40,19,4,50
90,40,29,4,50
98,45,26,4,0
96,45,26,1,60
92,45,30,2,59
93,45,30,1,0
97,48,17,1,60
71,53,24,4,71
73,53,27,3,71
74,53,23,4,71
75,53,22,4,71
80,53,29,4,71
81,53,28,2,71
75,55,21,2,71
80,61,20,4,0
71,61,28,4,0
71,64,9,1,84
68,64,11,1,84
69,64,11,1,84
81,65,26,3,0
81,64,18,4,84
87,64,12,1,0
90,66,21,4,85
91,66,16,4,0
92,65,9,1,85
93,65,14,4,85
97,61,17,4,85
93,53,21,3,72
95,53,20,3,72
90,55,21,1,0
90,53,26,4,72
85,53,32,2,72
85,55,18,2,0
85,55,24,4,0
84,57,19,4,72
86,57,19,4,72
87,57,21,4,72
89,57,17,4,72
72,54,11,1,0
75,54,11,1,71
89,56,15,1,72
85,56,24,4,72
92,62,11,1,85
93,62,12,1,85
94,62,8,1,0
68,61,23,4,83
70,65,18,4,84
71,65,15,4,84
79,61,29,3,84
85,66,27,2,85
86,66,16,4,85
87,65,19,4,85
89,53,19,3,72
68,81,17,4,111
68,79,20,4,0
68,77,27,4,111
70,78,15,4,111
72,82,17,4,111
73,82,18,4,0
75,82,24,3,112
75,81,18,4,112
75,79,18,3,112
81,81,29,2,0
85,78,22,4,113
86,82,28,4,113
91,81,11,3,113
90,80,10,1,113
93,81,20,2,113
96,74,17,3,93
95,74,17,4,93
90,74,19,4,93
89,74,24,4,93
87,73,23,4,93
85,70,17,4,98
94,69,15,1,93
95,69,13,4,93
96,70,17,4,93
98,71,14,4,0
98,72,14,4,0
98,73,13,1,0
97,74,15,1,93
98,74,17,1,0
96,81,11,1,0
86,71,20,2,98
90,72,22,3,93
91,74,14,3,93
93,74,28,4,93
98,70,18,3,0
78,78,25,4,112
81,78,19,4,0
81,79,21,4,0
85,73,15,3,93
29,48,22,1,61
29,53,12,1,67
29,61,24,4,79
94,21,9,1,21
60,96,25,4,0
60,54,9,1,0
69,36,27,1,48
97,46,11,1,60
71,2,15,1,6
69,15,13,1,14
92,12,25,1,15
97,6,26,1,9
80,6,28,2,8
72,7,13,1,8
87,4,28,1,0
79,3,15,1,8
47,98,22,2,134
44,95,20,2,133
60,87,22,2,128
51,87,20,2,127
12,88,62,1,121
18,86,11,1,122
14,82,32,2,118
1,81,20,1,104
28,78,28,2,108
6,79,17,1,104
63,73,19,2,0
89,70,23,2,98
39,71,21,1,92
4,71,24,2,87
2,64,19,1,76
35,53,19,1,68
20,55,27,1,66
12,55,29,1,65
87,46,17,1,59
74,46,21,1,58
55,46,13,1,57
45,45,20,1,56
14,47,20,1,52
22,45,13,1,54
57,38,16,1,47
18,37,27,1,49
28,38,20,1,44
47,32,22,2,34
91,29,22,2,39
47,28,15,2,34
43,28,21,2,33
39,28,17,1,30
54,23,43,2,18
91,22,21,2,21
80,23,25,2,0
72,20,25,2,20
45,23,21,1,23
76,15,15,1,14
72,7,27,1,8
14,82,13,2,118
6,79,29,1,104
6,79,28,1,104
39,71,35,1,92
74,46,13,1,58
57,38,15,1,47
57,38,28,1,47
18,37,12,1,49
39,28,67,1,30
68,87,0,3,129
51,98,0,4,135
51,45,13,1,57
48,47,20,4,56
21,82,15,1,106
62,79,0,1,110
43,57,0,1,69
98,46,0,1,0
97,3,0,1,9
23,2,0,1,0
9,5,0,1,0
19,21,0,1,0
6,12,34,1,10
23,9,0,1,0
10,99,11,1,0
31,65,0,1,79
9,2,24,1,7
96,79,0,1,0
64,20,0,1,19
64,37,0,1,47
6,55,0,1,64
3,47,0,1,0
91,14,0,1,15
31,49,0,1,61
21,46,0,1,54
36,60,0,1,80
69,38,16,1,48
69,38,16,1,48
22,45,13,1,54
